















([(Bloco,[(0,0),(3,0),(16,0),(0,1),(3,1),(4,1),(5,1),(12,1),(16,1),(0,2),(1,2),(10,2),(11,2),(14,2),(15,2),(16,2),(0,3),(1,3),(10,3),(13,3),(0,4),(1,4),(2,4),(3,4),(4,4),(6,4),(7,4),(8,4),(9,4),(12,4),(2,5),(3,5),(7,5),(8,5),(11,5),(1,6),(10,6),(1,7),(9,7),(1,8),(3,8),(4,8),(8,8),(2,9),(6,9),(7,9),(2,10),(8,10),(3,11),(8,11),(3,12),(7,12),(3,13),(7,13),(3,14),(7,14),(3,15),(4,15),(5,15),(6,15),(7,15)]),(Caixa,[(11,1),(15,1),(8,2),(4,3),(7,3),(8,3),(2,7),(3,7),(2,8),(7,8),(8,9),(4,10),(4,11),(6,11),(4,12),(6,12),(4,13),(6,13),(4,14),(5,14),(6,14)]),(Porta,[(4,0)]),(Picos,[(2,3),(9,3),(8,7),(5,13)])],Jogador (1,1) Este True,(-12,-7),(2,2),Bloco)
